0 0 2 16 4 2 6 0 20 0 2 7 
3 1 0 36 8 4 6 2 20 4 6 7 
0 0 3 12 4 2 4 0 15 12 4 5 
4 1 3 32 0 0 6 0 25 12 6 7 
1 0 3 36 4 0 2 0 25 12 6 5 
3 0 3 28 0 0 6 0 25 8 0 5 
1 0 0 20 8 0 2 0 20 0 4 7 
1 2 0 36 8 2 4 0 5 4 0 5 
2 1 5 16 8 0 0 0 10 12 0 5 
1 1 1 12 6 4 6 0 25 0 6 7 
4 0 2 32 8 0 6 0 0 12 4 7 
2 1 3 16 8 2 2 0 20 4 6 5 
1 0 2 20 2 2 6 0 20 8 6 2 
3 2 2 20 8 0 4 0 25 8 0 5 
4 1 0 4 8 0 4 0 25 12 4 5 
3 0 0 24 2 2 4 0 25 0 4 5 
0 2 1 4 2 2 6 2 25 8 4 7 
3 0 3 20 4 2 4 0 20 4 4 0 
2 2 4 20 2 0 2 2 25 8 6 7 
3 1 5 28 0 0 4 0 15 12 2 7 
4 1 0 32 0 0 4 0 5 8 6 7 
4 1 0 20 2 0 4 0 25 8 6 7 
3 2 0 36 0 6 6 0 20 12 4 5 
0 1 3 36 2 2 4 0 15 12 6 7 
3 0 2 32 0 0 0 0 20 4 0 7 
3 0 0 36 0 2 6 0 20 12 4 5 
0 1 4 12 4 4 0 0 20 4 6 5 
2 0 5 32 0 2 4 2 25 8 6 7 
4 1 3 24 0 0 6 0 20 8 2 2 
1 1 1 28 2 2 4 0 0 8 4 5 
3 0 5 12 6 0 6 0 20 0 6 7 
0 0 4 28 2 0 2 0 25 12 2 5 
3 1 2 28 2 0 6 0 15 12 2 5 
1 2 3 36 0 0 0 4 10 12 0 7 
4 1 0 36 0 4 2 0 15 8 4 7 
2 1 4 28 0 6 6 0 25 12 6 5 
1 0 0 36 0 0 6 0 25 8 6 7 
0 0 2 24 4 6 4 0 25 12 4 7 
4 1 0 20 8 2 4 0 25 12 4 7 
1 0 3 16 2 4 6 0 20 8 2 7 
3 2 0 36 0 2 2 0 25 8 6 7 
3 0 5 24 0 2 4 2 15 12 6 7 
1 1 1 24 4 0 6 0 20 12 2 5 
1 2 1 24 6 0 4 0 25 0 6 7 
0 2 0 32 2 2 6 0 25 8 4 2 
1 1 5 12 0 2 6 0 25 12 6 7 
0 2 2 32 8 0 6 0 25 8 6 0 
3 0 2 32 2 0 4 0 25 8 0 7 
1 1 0 28 0 0 6 0 25 0 0 7 
4 0 0 32 4 0 2 0 25 12 2 7 
